{
  "train_loss": [
    0.9852943420410156,
    1.013458490371704,
    0.9972553253173828,
    0.947359561920166,
    0.9716511964797974,
    0.9888759255409241,
    0.9652238488197327,
    0.9556496739387512,
    0.9203600287437439,
    0.8722057938575745,
    0.847801685333252,
    0.9270060658454895,
    0.9105256199836731,
    0.9056386947631836,
    0.8262875080108643,
    0.8432695865631104,
    0.7908332943916321,
    0.8319785594940186,
    0.7874859571456909,
    0.810333788394928,
    0.8237738013267517,
    0.7907384634017944,
    0.737850546836853
  ],
  "val_loss": [
    0.9860246777534485,
    1.062385082244873,
    1.0923030376434326,
    0.9304783940315247,
    0.9730170965194702,
    0.9809563159942627,
    0.9125389456748962,
    0.9109256863594055,
    0.9834028482437134,
    0.941895067691803,
    0.8029685616493225,
    0.8143255710601807,
    0.9121153950691223,
    0.7519216537475586,
    0.850405216217041,
    0.7341992855072021,
    0.7061914205551147,
    0.640923023223877,
    0.7192944884300232,
    0.6849303841590881,
    0.7350206971168518,
    0.7817575931549072,
    0.7524168491363525
  ],
  "same_crow_mean": [
    0.715350866317749,
    0.6869704127311707,
    0.6685298681259155,
    0.6445016860961914,
    0.6441968083381653,
    0.6534122824668884,
    0.6439658999443054,
    0.6504436731338501,
    0.629563570022583,
    0.5900274515151978,
    0.6222665905952454,
    0.5852892994880676,
    0.6294444799423218,
    0.5911292433738708,
    0.606942892074585,
    0.5679414868354797,
    0.5613635778427124,
    0.5480358600616455,
    0.5667744874954224,
    0.5544134378433228,
    0.5555211901664734,
    0.5395649075508118,
    0.5172051191329956
  ],
  "same_crow_std": [
    0.08157061785459518,
    0.07571958750486374,
    0.0617094561457634,
    0.08262663334608078,
    0.07286297529935837,
    0.10434307903051376,
    0.089528888463974,
    0.10413498431444168,
    0.1313330978155136,
    0.14646673202514648,
    0.16912853717803955,
    0.18624022603034973,
    0.1476733386516571,
    0.16535955667495728,
    0.19798851013183594,
    0.22379575669765472,
    0.22372077405452728,
    0.22361165285110474,
    0.23482829332351685,
    0.20434701442718506,
    0.28450480103492737,
    0.26417526602745056,
    0.3132486343383789
  ],
  "diff_crow_mean": [
    0.7118359208106995,
    0.6773517727851868,
    0.6670702695846558,
    0.6341127157211304,
    0.6456562876701355,
    0.6219385266304016,
    0.6363135576248169,
    0.6408759951591492,
    0.6122797727584839,
    0.5943633317947388,
    0.6158112287521362,
    0.5905047655105591,
    0.5940879583358765,
    0.5664044618606567,
    0.5615160465240479,
    0.574871301651001,
    0.5626437664031982,
    0.5615221858024597,
    0.5659201145172119,
    0.563927948474884,
    0.5374194383621216,
    0.5267847180366516,
    0.518709659576416
  ],
  "diff_crow_std": [
    0.07365307211875916,
    0.05218847841024399,
    0.07691668719053268,
    0.08321316540241241,
    0.08448479324579239,
    0.11307971179485321,
    0.08907748013734818,
    0.10689922422170639,
    0.13126911222934723,
    0.14012283086776733,
    0.16139639914035797,
    0.17350640892982483,
    0.1375594288110733,
    0.17614515125751495,
    0.18828608095645905,
    0.2107512652873993,
    0.23043251037597656,
    0.23307286202907562,
    0.24201753735542297,
    0.1980990320444107,
    0.2937062978744507,
    0.2760147154331207,
    0.31006473302841187
  ],
  "val_similarities": [
    [
      [
        1.0000001192092896,
        0.7196357846260071,
        0.7540320158004761,
        0.6998651027679443,
        0.8395241498947144,
        0.6736299395561218,
        0.8108318448066711,
        0.7601617574691772,
        0.6445518732070923,
        0.7732890248298645,
        0.7614787817001343,
        0.6310425400733948
      ],
      [
        0.7196357846260071,
        1.0,
        0.6836646795272827,
        0.8160333633422852,
        0.6724019050598145,
        0.7867934703826904,
        0.6073060631752014,
        0.7964268922805786,
        0.7566777467727661,
        0.620315432548523,
        0.8249593377113342,
        0.6685994863510132
      ],
      [
        0.7540320158004761,
        0.6836646795272827,
        0.9999998807907104,
        0.7000284194946289,
        0.7791516780853271,
        0.7424190044403076,
        0.7515003681182861,
        0.703270673751831,
        0.6844502091407776,
        0.655005156993866,
        0.7052112221717834,
        0.7865421772003174
      ],
      [
        0.6998651027679443,
        0.8160333633422852,
        0.7000284194946289,
        1.0,
        0.6812196373939514,
        0.7930914759635925,
        0.6236163377761841,
        0.7570726275444031,
        0.7525902390480042,
        0.6980071663856506,
        0.8715425133705139,
        0.6858712434768677
      ],
      [
        0.8395241498947144,
        0.6724019050598145,
        0.7791516780853271,
        0.6812196373939514,
        1.0,
        0.6601563692092896,
        0.8773157000541687,
        0.7337506413459778,
        0.6422525644302368,
        0.795124888420105,
        0.7052921056747437,
        0.6640804409980774
      ],
      [
        0.6736299395561218,
        0.7867934703826904,
        0.7424190044403076,
        0.7930914759635925,
        0.6601563692092896,
        1.000000238418579,
        0.58050537109375,
        0.7632470726966858,
        0.7635334730148315,
        0.603169858455658,
        0.807062029838562,
        0.728205680847168
      ],
      [
        0.8108318448066711,
        0.6073060631752014,
        0.7515003681182861,
        0.6236163377761841,
        0.8773157000541687,
        0.58050537109375,
        1.0000001192092896,
        0.669428288936615,
        0.549528181552887,
        0.8048762679100037,
        0.629161536693573,
        0.6386577486991882
      ],
      [
        0.7601617574691772,
        0.7964268922805786,
        0.703270673751831,
        0.7570726275444031,
        0.7337506413459778,
        0.7632470726966858,
        0.669428288936615,
        1.0,
        0.8210508823394775,
        0.6383694410324097,
        0.801271915435791,
        0.6560370326042175
      ],
      [
        0.6445518732070923,
        0.7566777467727661,
        0.6844502091407776,
        0.7525902390480042,
        0.6422525644302368,
        0.7635334730148315,
        0.549528181552887,
        0.8210508823394775,
        1.000000238418579,
        0.5603067874908447,
        0.7580890655517578,
        0.6761537194252014
      ],
      [
        0.7732890248298645,
        0.620315432548523,
        0.655005156993866,
        0.6980071663856506,
        0.795124888420105,
        0.603169858455658,
        0.8048762679100037,
        0.6383694410324097,
        0.5603067874908447,
        0.9999998211860657,
        0.6926723122596741,
        0.5569137930870056
      ],
      [
        0.7614787817001343,
        0.8249593377113342,
        0.7052112221717834,
        0.8715425133705139,
        0.7052921056747437,
        0.807062029838562,
        0.629161536693573,
        0.801271915435791,
        0.7580890655517578,
        0.6926723122596741,
        0.9999999403953552,
        0.6385930776596069
      ],
      [
        0.6310425400733948,
        0.6685994863510132,
        0.7865421772003174,
        0.6858712434768677,
        0.6640804409980774,
        0.728205680847168,
        0.6386577486991882,
        0.6560370326042175,
        0.6761537194252014,
        0.5569137930870056,
        0.6385930776596069,
        1.0000001192092896
      ]
    ],
    [
      [
        1.0000001192092896,
        0.6805006265640259,
        0.833284318447113,
        0.7633163928985596,
        0.7629139423370361,
        0.6666387319564819,
        0.7763303518295288,
        0.6958140730857849,
        0.612842857837677,
        0.8053098917007446,
        0.7117205858230591,
        0.6225622892379761
      ],
      [
        0.6805006265640259,
        0.9999997615814209,
        0.622965395450592,
        0.6358246207237244,
        0.6774870157241821,
        0.7082878351211548,
        0.6550537347793579,
        0.6687787175178528,
        0.6792020797729492,
        0.6421964168548584,
        0.6921112537384033,
        0.5988035202026367
      ],
      [
        0.833284318447113,
        0.622965395450592,
        0.9999999403953552,
        0.6990061402320862,
        0.7486873865127563,
        0.63419109582901,
        0.79529869556427,
        0.6347153186798096,
        0.5943065881729126,
        0.7467516660690308,
        0.6419761776924133,
        0.6593791842460632
      ],
      [
        0.7633163928985596,
        0.6358246207237244,
        0.6990061402320862,
        0.9999998807907104,
        0.6479907035827637,
        0.7029080390930176,
        0.6833103895187378,
        0.7668709754943848,
        0.6448202133178711,
        0.686133623123169,
        0.7838791012763977,
        0.6487355828285217
      ],
      [
        0.7629139423370361,
        0.6774870157241821,
        0.7486873865127563,
        0.6479907035827637,
        1.0,
        0.602980375289917,
        0.897818922996521,
        0.5654486417770386,
        0.5952246189117432,
        0.7329016327857971,
        0.6407700777053833,
        0.6262986660003662
      ],
      [
        0.6666387319564819,
        0.7082878351211548,
        0.63419109582901,
        0.7029080390930176,
        0.602980375289917,
        0.9999998211860657,
        0.6409467458724976,
        0.7698599100112915,
        0.7054145336151123,
        0.6217054128646851,
        0.7053489685058594,
        0.6602466106414795
      ],
      [
        0.7763303518295288,
        0.6550537347793579,
        0.79529869556427,
        0.6833103895187378,
        0.897818922996521,
        0.6409467458724976,
        0.9999998807907104,
        0.6220005750656128,
        0.5910789966583252,
        0.7211275100708008,
        0.6654112339019775,
        0.6428802013397217
      ],
      [
        0.6958140730857849,
        0.6687787175178528,
        0.6347153186798096,
        0.7668709754943848,
        0.5654486417770386,
        0.7698599100112915,
        0.6220005750656128,
        1.0000003576278687,
        0.6787130832672119,
        0.6217048168182373,
        0.7549359202384949,
        0.6409991979598999
      ],
      [
        0.612842857837677,
        0.6792020797729492,
        0.5943065881729126,
        0.6448202133178711,
        0.5952246189117432,
        0.7054145336151123,
        0.5910789966583252,
        0.6787130832672119,
        1.000000238418579,
        0.6596720218658447,
        0.6700680255889893,
        0.7356603145599365
      ],
      [
        0.8053098917007446,
        0.6421964168548584,
        0.7467516660690308,
        0.686133623123169,
        0.7329016327857971,
        0.6217054128646851,
        0.7211275100708008,
        0.6217048168182373,
        0.6596720218658447,
        1.0,
        0.6587109565734863,
        0.6983230710029602
      ],
      [
        0.7117205858230591,
        0.6921112537384033,
        0.6419761776924133,
        0.7838791012763977,
        0.6407700777053833,
        0.7053489685058594,
        0.6654112339019775,
        0.7549359202384949,
        0.6700680255889893,
        0.6587109565734863,
        0.9999998807907104,
        0.6366177797317505
      ],
      [
        0.6225622892379761,
        0.5988035202026367,
        0.6593791842460632,
        0.6487355828285217,
        0.6262986660003662,
        0.6602466106414795,
        0.6428802013397217,
        0.6409991979598999,
        0.7356603145599365,
        0.6983230710029602,
        0.6366177797317505,
        1.0
      ]
    ],
    [
      [
        1.0000001192092896,
        0.6116243600845337,
        0.7360373735427856,
        0.6556230783462524,
        0.7803531289100647,
        0.5930494070053101,
        0.7418733835220337,
        0.5990020632743835,
        0.6295203566551208,
        0.8170876502990723,
        0.6556819677352905,
        0.7403236031532288
      ],
      [
        0.6116243600845337,
        1.0,
        0.5719939470291138,
        0.6953325271606445,
        0.5911191701889038,
        0.6814447045326233,
        0.6931067705154419,
        0.6887796521186829,
        0.6634803414344788,
        0.6525304913520813,
        0.7102315425872803,
        0.663794755935669
      ],
      [
        0.7360373735427856,
        0.5719939470291138,
        0.9999998807907104,
        0.6850035786628723,
        0.749043345451355,
        0.6095582842826843,
        0.6809277534484863,
        0.628962516784668,
        0.6186195611953735,
        0.67069411277771,
        0.6278978586196899,
        0.7509133815765381
      ],
      [
        0.6556230783462524,
        0.6953325271606445,
        0.6850035786628723,
        0.9999996423721313,
        0.6582999229431152,
        0.7090981602668762,
        0.5894291400909424,
        0.7421737909317017,
        0.75129234790802,
        0.6332166790962219,
        0.7875365018844604,
        0.6321399211883545
      ],
      [
        0.7803531289100647,
        0.5911191701889038,
        0.749043345451355,
        0.6582999229431152,
        0.9999999403953552,
        0.5553567409515381,
        0.636945903301239,
        0.579131543636322,
        0.627388596534729,
        0.711932361125946,
        0.6198749542236328,
        0.6939908862113953
      ],
      [
        0.5930494070053101,
        0.6814447045326233,
        0.6095582842826843,
        0.7090981602668762,
        0.5553567409515381,
        1.0000001192092896,
        0.5956083536148071,
        0.7783281803131104,
        0.7698649168014526,
        0.6135951280593872,
        0.8057414293289185,
        0.6197710037231445
      ],
      [
        0.7418733835220337,
        0.6931067705154419,
        0.6809277534484863,
        0.5894291400909424,
        0.636945903301239,
        0.5956083536148071,
        1.0000003576278687,
        0.56676185131073,
        0.5598049163818359,
        0.7954072952270508,
        0.5778595209121704,
        0.7150075435638428
      ],
      [
        0.5990020632743835,
        0.6887796521186829,
        0.628962516784668,
        0.7421737909317017,
        0.579131543636322,
        0.7783281803131104,
        0.56676185131073,
        0.9999998807907104,
        0.6594204902648926,
        0.6281148195266724,
        0.7744228839874268,
        0.5852330923080444
      ],
      [
        0.6295203566551208,
        0.6634803414344788,
        0.6186195611953735,
        0.75129234790802,
        0.627388596534729,
        0.7698649168014526,
        0.5598049163818359,
        0.6594204902648926,
        1.0,
        0.6095649003982544,
        0.7963708639144897,
        0.6074026823043823
      ],
      [
        0.8170876502990723,
        0.6525304913520813,
        0.67069411277771,
        0.6332166790962219,
        0.711932361125946,
        0.6135951280593872,
        0.7954072952270508,
        0.6281148195266724,
        0.6095649003982544,
        1.000000238418579,
        0.5972750186920166,
        0.694143533706665
      ],
      [
        0.6556819677352905,
        0.7102315425872803,
        0.6278978586196899,
        0.7875365018844604,
        0.6198749542236328,
        0.8057414293289185,
        0.5778595209121704,
        0.7744228839874268,
        0.7963708639144897,
        0.5972750186920166,
        1.0,
        0.5993095636367798
      ],
      [
        0.7403236031532288,
        0.663794755935669,
        0.7509133815765381,
        0.6321399211883545,
        0.6939908862113953,
        0.6197710037231445,
        0.7150075435638428,
        0.5852330923080444,
        0.6074026823043823,
        0.694143533706665,
        0.5993095636367798,
        1.000000238418579
      ]
    ],
    [
      [
        1.0000004768371582,
        0.6565800905227661,
        0.735358476638794,
        0.6363930106163025,
        0.715310275554657,
        0.473010778427124,
        0.7366924285888672,
        0.5388959646224976,
        0.6294417381286621,
        0.755232572555542,
        0.6522743701934814,
        0.8048938512802124
      ],
      [
        0.6565800905227661,
        1.000000238418579,
        0.549453854560852,
        0.6986616849899292,
        0.6489985585212708,
        0.585503101348877,
        0.6358535885810852,
        0.6997793912887573,
        0.6760528087615967,
        0.5720227956771851,
        0.7598357200622559,
        0.5720610022544861
      ],
      [
        0.735358476638794,
        0.549453854560852,
        0.9999997615814209,
        0.6101424694061279,
        0.6545406579971313,
        0.5064495205879211,
        0.6869547367095947,
        0.49680477380752563,
        0.6231647729873657,
        0.7484029531478882,
        0.6529420614242554,
        0.7752606272697449
      ],
      [
        0.6363930106163025,
        0.6986616849899292,
        0.6101424694061279,
        1.0,
        0.6169077157974243,
        0.6330385208129883,
        0.6260995864868164,
        0.6625419855117798,
        0.7668135762214661,
        0.6766139268875122,
        0.6812632083892822,
        0.6511479616165161
      ],
      [
        0.715310275554657,
        0.6489985585212708,
        0.6545406579971313,
        0.6169077157974243,
        1.0,
        0.5260108709335327,
        0.6090456247329712,
        0.5551620721817017,
        0.7449652552604675,
        0.688156247138977,
        0.6675769090652466,
        0.663352906703949
      ],
      [
        0.473010778427124,
        0.585503101348877,
        0.5064495205879211,
        0.6330385208129883,
        0.5260108709335327,
        1.0000003576278687,
        0.5125531554222107,
        0.6597731709480286,
        0.6400085687637329,
        0.489859938621521,
        0.6302781701087952,
        0.4452134072780609
      ],
      [
        0.7366924285888672,
        0.6358535885810852,
        0.6869547367095947,
        0.6260995864868164,
        0.6090456247329712,
        0.5125531554222107,
        1.0,
        0.5273375511169434,
        0.6293774843215942,
        0.6472806334495544,
        0.6734820604324341,
        0.6755744218826294
      ],
      [
        0.5388959646224976,
        0.6997793912887573,
        0.49680477380752563,
        0.6625419855117798,
        0.5551620721817017,
        0.6597731709480286,
        0.5273375511169434,
        1.0,
        0.663368821144104,
        0.5517439842224121,
        0.6335412859916687,
        0.49309104681015015
      ],
      [
        0.6294417381286621,
        0.6760528087615967,
        0.6231647729873657,
        0.7668135762214661,
        0.7449652552604675,
        0.6400085687637329,
        0.6293774843215942,
        0.663368821144104,
        1.0,
        0.6777359247207642,
        0.6645815372467041,
        0.6252336502075195
      ],
      [
        0.755232572555542,
        0.5720227956771851,
        0.7484029531478882,
        0.6766139268875122,
        0.688156247138977,
        0.489859938621521,
        0.6472806334495544,
        0.5517439842224121,
        0.6777359247207642,
        1.0,
        0.6220546960830688,
        0.8682887554168701
      ],
      [
        0.6522743701934814,
        0.7598357200622559,
        0.6529420614242554,
        0.6812632083892822,
        0.6675769090652466,
        0.6302781701087952,
        0.6734820604324341,
        0.6335412859916687,
        0.6645815372467041,
        0.6220546960830688,
        1.000000238418579,
        0.5770648717880249
      ],
      [
        0.8048938512802124,
        0.5720610022544861,
        0.7752606272697449,
        0.6511479616165161,
        0.663352906703949,
        0.4452134072780609,
        0.6755744218826294,
        0.49309104681015015,
        0.6252336502075195,
        0.8682887554168701,
        0.5770648717880249,
        1.0
      ]
    ],
    [
      [
        1.0000001192092896,
        0.4968080520629883,
        0.7676694393157959,
        0.6472785472869873,
        0.6574680805206299,
        0.5899720191955566,
        0.7508896589279175,
        0.5330404043197632,
        0.6040070056915283,
        0.7356796264648438,
        0.5753393173217773,
        0.7241791486740112
      ],
      [
        0.4968080520629883,
        1.0000004768371582,
        0.589044988155365,
        0.63681960105896,
        0.6499643325805664,
        0.6414043307304382,
        0.5315395593643188,
        0.6139640808105469,
        0.7001920342445374,
        0.5365132093429565,
        0.6514154672622681,
        0.618893027305603
      ],
      [
        0.7676694393157959,
        0.589044988155365,
        1.0,
        0.656757116317749,
        0.755596399307251,
        0.6350207328796387,
        0.7480905055999756,
        0.5580551624298096,
        0.6708759665489197,
        0.8243542909622192,
        0.6296970844268799,
        0.6854192018508911
      ],
      [
        0.6472785472869873,
        0.63681960105896,
        0.656757116317749,
        1.0,
        0.6284846067428589,
        0.7333801984786987,
        0.6163128614425659,
        0.7014732360839844,
        0.6757630109786987,
        0.605290949344635,
        0.7854741811752319,
        0.7224816083908081
      ],
      [
        0.6574680805206299,
        0.6499643325805664,
        0.755596399307251,
        0.6284846067428589,
        1.000000238418579,
        0.5977057814598083,
        0.6822052001953125,
        0.5404533743858337,
        0.6368157863616943,
        0.7067521810531616,
        0.5782427787780762,
        0.7124043703079224
      ],
      [
        0.5899720191955566,
        0.6414043307304382,
        0.6350207328796387,
        0.7333801984786987,
        0.5977057814598083,
        1.0000001192092896,
        0.5542421340942383,
        0.7115709781646729,
        0.7231013774871826,
        0.5446261763572693,
        0.7557311058044434,
        0.6296380758285522
      ],
      [
        0.7508896589279175,
        0.5315395593643188,
        0.7480905055999756,
        0.6163128614425659,
        0.6822052001953125,
        0.5542421340942383,
        1.0000001192092896,
        0.4891533851623535,
        0.5815644264221191,
        0.7667840123176575,
        0.5233533382415771,
        0.6900036334991455
      ],
      [
        0.5330404043197632,
        0.6139640808105469,
        0.5580551624298096,
        0.7014732360839844,
        0.5404533743858337,
        0.7115709781646729,
        0.4891533851623535,
        1.0000001192092896,
        0.6233510375022888,
        0.4807540476322174,
        0.7789120674133301,
        0.6226692795753479
      ],
      [
        0.6040070056915283,
        0.7001920342445374,
        0.6708759665489197,
        0.6757630109786987,
        0.6368157863616943,
        0.7231013774871826,
        0.5815644264221191,
        0.6233510375022888,
        1.0000001192092896,
        0.6006884574890137,
        0.7019561529159546,
        0.634240984916687
      ],
      [
        0.7356796264648438,
        0.5365132093429565,
        0.8243542909622192,
        0.605290949344635,
        0.7067521810531616,
        0.5446261763572693,
        0.7667840123176575,
        0.4807540476322174,
        0.6006884574890137,
        1.0,
        0.5349647998809814,
        0.6626538038253784
      ],
      [
        0.5753393173217773,
        0.6514154672622681,
        0.6296970844268799,
        0.7854741811752319,
        0.5782427787780762,
        0.7557311058044434,
        0.5233533382415771,
        0.7789120674133301,
        0.7019561529159546,
        0.5349647998809814,
        0.9999998807907104,
        0.6203815937042236
      ],
      [
        0.7241791486740112,
        0.618893027305603,
        0.6854192018508911,
        0.7224816083908081,
        0.7124043703079224,
        0.6296380758285522,
        0.6900036334991455,
        0.6226692795753479,
        0.634240984916687,
        0.6626538038253784,
        0.6203815937042236,
        1.0000001192092896
      ]
    ],
    [
      [
        1.000000238418579,
        0.5019378662109375,
        0.7465988397598267,
        0.5340325832366943,
        0.6868646740913391,
        0.4415897727012634,
        0.8077908754348755,
        0.5496946573257446,
        0.5907621383666992,
        0.7185035943984985,
        0.5092642307281494,
        0.7596719264984131
      ],
      [
        0.5019378662109375,
        1.0000001192092896,
        0.47778260707855225,
        0.796369731426239,
        0.5625614523887634,
        0.7595421075820923,
        0.5253810286521912,
        0.7601873874664307,
        0.6729245781898499,
        0.540885329246521,
        0.7581359148025513,
        0.6381715536117554
      ],
      [
        0.7465988397598267,
        0.47778260707855225,
        1.0,
        0.5227171182632446,
        0.7235235571861267,
        0.4193633794784546,
        0.7487934827804565,
        0.5352036952972412,
        0.6148638725280762,
        0.7416868209838867,
        0.4815497398376465,
        0.7230377793312073
      ],
      [
        0.5340325832366943,
        0.796369731426239,
        0.5227171182632446,
        0.9999999403953552,
        0.6076551675796509,
        0.7889032363891602,
        0.5226408243179321,
        0.7983368635177612,
        0.7262457609176636,
        0.5658059120178223,
        0.7809740900993347,
        0.6453959941864014
      ],
      [
        0.6868646740913391,
        0.5625614523887634,
        0.7235235571861267,
        0.6076551675796509,
        1.0000001192092896,
        0.487473726272583,
        0.7101657390594482,
        0.6392332315444946,
        0.6605345606803894,
        0.7307312488555908,
        0.5686939358711243,
        0.7244565486907959
      ],
      [
        0.4415897727012634,
        0.7595421075820923,
        0.4193633794784546,
        0.7889032363891602,
        0.487473726272583,
        0.9999998807907104,
        0.4399343729019165,
        0.7511814832687378,
        0.6099781394004822,
        0.4488048851490021,
        0.7990152835845947,
        0.5370116233825684
      ],
      [
        0.8077908754348755,
        0.5253810286521912,
        0.7487934827804565,
        0.5226408243179321,
        0.7101657390594482,
        0.4399343729019165,
        1.000000238418579,
        0.5332982540130615,
        0.5880497694015503,
        0.786832332611084,
        0.5066400766372681,
        0.7746995687484741
      ],
      [
        0.5496946573257446,
        0.7601873874664307,
        0.5352036952972412,
        0.7983368635177612,
        0.6392332315444946,
        0.7511814832687378,
        0.5332982540130615,
        0.9999998807907104,
        0.6785005331039429,
        0.5760112404823303,
        0.725057065486908,
        0.6318542957305908
      ],
      [
        0.5907621383666992,
        0.6729245781898499,
        0.6148638725280762,
        0.7262457609176636,
        0.6605345606803894,
        0.6099781394004822,
        0.5880497694015503,
        0.6785005331039429,
        1.000000238418579,
        0.598568320274353,
        0.6547726392745972,
        0.6589648723602295
      ],
      [
        0.7185035943984985,
        0.540885329246521,
        0.7416868209838867,
        0.5658059120178223,
        0.7307312488555908,
        0.4488048851490021,
        0.786832332611084,
        0.5760112404823303,
        0.598568320274353,
        1.0000001192092896,
        0.5362720489501953,
        0.7650385499000549
      ],
      [
        0.5092642307281494,
        0.7581359148025513,
        0.4815497398376465,
        0.7809740900993347,
        0.5686939358711243,
        0.7990152835845947,
        0.5066400766372681,
        0.725057065486908,
        0.6547726392745972,
        0.5362720489501953,
        0.9999997615814209,
        0.5850307941436768
      ],
      [
        0.7596719264984131,
        0.6381715536117554,
        0.7230377793312073,
        0.6453959941864014,
        0.7244565486907959,
        0.5370116233825684,
        0.7746995687484741,
        0.6318542957305908,
        0.6589648723602295,
        0.7650385499000549,
        0.5850307941436768,
        1.0
      ]
    ],
    [
      [
        1.0000004768371582,
        0.5376962423324585,
        0.8370490074157715,
        0.5947288870811462,
        0.7918871641159058,
        0.5631355047225952,
        0.6545977592468262,
        0.6187206506729126,
        0.48979657888412476,
        0.7432045936584473,
        0.5732009410858154,
        0.7866888046264648
      ],
      [
        0.5376962423324585,
        1.0,
        0.5300880670547485,
        0.6902022361755371,
        0.5105952024459839,
        0.7468158602714539,
        0.5483092069625854,
        0.652610719203949,
        0.6971129179000854,
        0.5404868125915527,
        0.7502285242080688,
        0.5345208048820496
      ],
      [
        0.8370490074157715,
        0.5300880670547485,
        0.9999997615814209,
        0.5877236723899841,
        0.7951891422271729,
        0.58250892162323,
        0.6823920011520386,
        0.6207181215286255,
        0.5332189202308655,
        0.7000575661659241,
        0.561754047870636,
        0.8668562173843384
      ],
      [
        0.5947288870811462,
        0.6902022361755371,
        0.5877236723899841,
        1.0000001192092896,
        0.5330630540847778,
        0.8072869777679443,
        0.5753659009933472,
        0.7002600431442261,
        0.6890177726745605,
        0.580100417137146,
        0.7584103345870972,
        0.6161177158355713
      ],
      [
        0.7918871641159058,
        0.5105952024459839,
        0.7951891422271729,
        0.5330630540847778,
        1.0000001192092896,
        0.49438732862472534,
        0.6737045049667358,
        0.6263927221298218,
        0.538307249546051,
        0.7512906789779663,
        0.5774052143096924,
        0.7534706592559814
      ],
      [
        0.5631355047225952,
        0.7468158602714539,
        0.58250892162323,
        0.8072869777679443,
        0.49438732862472534,
        1.000000238418579,
        0.5743130445480347,
        0.6885295510292053,
        0.6380709409713745,
        0.5741794109344482,
        0.7545453310012817,
        0.6103687882423401
      ],
      [
        0.6545977592468262,
        0.5483092069625854,
        0.6823920011520386,
        0.5753659009933472,
        0.6737045049667358,
        0.5743130445480347,
        0.9999999403953552,
        0.6217457056045532,
        0.5630813837051392,
        0.6427527666091919,
        0.6155446171760559,
        0.6681818962097168
      ],
      [
        0.6187206506729126,
        0.652610719203949,
        0.6207181215286255,
        0.7002600431442261,
        0.6263927221298218,
        0.6885295510292053,
        0.6217457056045532,
        0.9999998807907104,
        0.6537482738494873,
        0.6269206404685974,
        0.663966178894043,
        0.6627987623214722
      ],
      [
        0.48979657888412476,
        0.6971129179000854,
        0.5332189202308655,
        0.6890177726745605,
        0.538307249546051,
        0.6380709409713745,
        0.5630813837051392,
        0.6537482738494873,
        1.000000238418579,
        0.5393865704536438,
        0.7057241201400757,
        0.5545644164085388
      ],
      [
        0.7432045936584473,
        0.5404868125915527,
        0.7000575661659241,
        0.580100417137146,
        0.7512906789779663,
        0.5741794109344482,
        0.6427527666091919,
        0.6269206404685974,
        0.5393865704536438,
        1.000000238418579,
        0.5965352058410645,
        0.6949234008789062
      ],
      [
        0.5732009410858154,
        0.7502285242080688,
        0.561754047870636,
        0.7584103345870972,
        0.5774052143096924,
        0.7545453310012817,
        0.6155446171760559,
        0.663966178894043,
        0.7057241201400757,
        0.5965352058410645,
        1.0,
        0.5797067284584045
      ],
      [
        0.7866888046264648,
        0.5345208048820496,
        0.8668562173843384,
        0.6161177158355713,
        0.7534706592559814,
        0.6103687882423401,
        0.6681818962097168,
        0.6627987623214722,
        0.5545644164085388,
        0.6949234008789062,
        0.5797067284584045,
        1.000000238418579
      ]
    ],
    [
      [
        1.0000001192092896,
        0.633785605430603,
        0.8291913270950317,
        0.5957213044166565,
        0.8274489045143127,
        0.6151925325393677,
        0.7935956716537476,
        0.46877434849739075,
        0.7060381174087524,
        0.8125588893890381,
        0.5341849327087402,
        0.7426245808601379
      ],
      [
        0.633785605430603,
        1.0000001192092896,
        0.6315876245498657,
        0.6968536376953125,
        0.5919134020805359,
        0.7298904657363892,
        0.5872838497161865,
        0.6268340349197388,
        0.6941659450531006,
        0.5859600305557251,
        0.6822836399078369,
        0.6143128871917725
      ],
      [
        0.8291913270950317,
        0.6315876245498657,
        0.9999998807907104,
        0.6196506023406982,
        0.7956539392471313,
        0.6081885099411011,
        0.7374815940856934,
        0.513226330280304,
        0.6596683263778687,
        0.8045833706855774,
        0.5604913234710693,
        0.7320854663848877
      ],
      [
        0.5957213044166565,
        0.6968536376953125,
        0.6196506023406982,
        0.9999998807907104,
        0.6368832588195801,
        0.697306752204895,
        0.5212138891220093,
        0.6883808374404907,
        0.5825775861740112,
        0.5661066770553589,
        0.7260657548904419,
        0.6265636682510376
      ],
      [
        0.8274489045143127,
        0.5919134020805359,
        0.7956539392471313,
        0.6368832588195801,
        0.9999999403953552,
        0.6221277713775635,
        0.7263674736022949,
        0.5035049915313721,
        0.6772653460502625,
        0.827103853225708,
        0.5633084774017334,
        0.7583787441253662
      ],
      [
        0.6151925325393677,
        0.7298904657363892,
        0.6081885099411011,
        0.697306752204895,
        0.6221277713775635,
        0.9999998211860657,
        0.5506876707077026,
        0.6934549808502197,
        0.6868915557861328,
        0.539852499961853,
        0.7618409395217896,
        0.530894935131073
      ],
      [
        0.7935956716537476,
        0.5872838497161865,
        0.7374815940856934,
        0.5212138891220093,
        0.7263674736022949,
        0.5506876707077026,
        1.000000238418579,
        0.44762253761291504,
        0.696549654006958,
        0.761580228805542,
        0.527620792388916,
        0.7348239421844482
      ],
      [
        0.46877434849739075,
        0.6268340349197388,
        0.513226330280304,
        0.6883808374404907,
        0.5035049915313721,
        0.6934549808502197,
        0.44762253761291504,
        0.9999998807907104,
        0.5267242193222046,
        0.43983012437820435,
        0.8517229557037354,
        0.44375118613243103
      ],
      [
        0.7060381174087524,
        0.6941659450531006,
        0.6596683263778687,
        0.5825775861740112,
        0.6772653460502625,
        0.6868915557861328,
        0.696549654006958,
        0.5267242193222046,
        0.9999997019767761,
        0.6320826411247253,
        0.6257404088973999,
        0.6006075143814087
      ],
      [
        0.8125588893890381,
        0.5859600305557251,
        0.8045833706855774,
        0.5661066770553589,
        0.827103853225708,
        0.539852499961853,
        0.761580228805542,
        0.43983012437820435,
        0.6320826411247253,
        1.0000001192092896,
        0.48443323373794556,
        0.7727090120315552
      ],
      [
        0.5341849327087402,
        0.6822836399078369,
        0.5604913234710693,
        0.7260657548904419,
        0.5633084774017334,
        0.7618409395217896,
        0.527620792388916,
        0.8517229557037354,
        0.6257404088973999,
        0.48443323373794556,
        1.0,
        0.5210354328155518
      ],
      [
        0.7426245808601379,
        0.6143128871917725,
        0.7320854663848877,
        0.6265636682510376,
        0.7583787441253662,
        0.530894935131073,
        0.7348239421844482,
        0.44375118613243103,
        0.6006075143814087,
        0.7727090120315552,
        0.5210354328155518,
        1.0
      ]
    ],
    [
      [
        1.0,
        0.5812146663665771,
        0.7905340790748596,
        0.5569969415664673,
        0.7392929792404175,
        0.4323716163635254,
        0.8128261566162109,
        0.47431015968322754,
        0.4908806085586548,
        0.8239837884902954,
        0.5839718580245972,
        0.7290846109390259
      ],
      [
        0.5812146663665771,
        1.000000238418579,
        0.5145013332366943,
        0.7404434680938721,
        0.6146460175514221,
        0.6857143640518188,
        0.6011459827423096,
        0.7803205251693726,
        0.7188472747802734,
        0.5582926273345947,
        0.6482630968093872,
        0.5920497179031372
      ],
      [
        0.7905340790748596,
        0.5145013332366943,
        1.0000001192092896,
        0.46811676025390625,
        0.7700039148330688,
        0.3651670813560486,
        0.815659761428833,
        0.4490358233451843,
        0.43237876892089844,
        0.8078893423080444,
        0.5622810125350952,
        0.7666255235671997
      ],
      [
        0.5569969415664673,
        0.7404434680938721,
        0.46811676025390625,
        1.0,
        0.5409976243972778,
        0.723118782043457,
        0.5356817245483398,
        0.7451057434082031,
        0.7150988578796387,
        0.49483171105384827,
        0.5959575176239014,
        0.5541173815727234
      ],
      [
        0.7392929792404175,
        0.6146460175514221,
        0.7700039148330688,
        0.5409976243972778,
        1.0,
        0.4557015299797058,
        0.8387352228164673,
        0.5659148693084717,
        0.48841989040374756,
        0.7905524969100952,
        0.5623242855072021,
        0.7434002161026001
      ],
      [
        0.4323716163635254,
        0.6857143640518188,
        0.3651670813560486,
        0.723118782043457,
        0.4557015299797058,
        0.9999998807907104,
        0.44684839248657227,
        0.7641528844833374,
        0.8285322189331055,
        0.37986087799072266,
        0.6306124925613403,
        0.4753347933292389
      ],
      [
        0.8128261566162109,
        0.6011459827423096,
        0.815659761428833,
        0.5356817245483398,
        0.8387352228164673,
        0.44684839248657227,
        1.0000001192092896,
        0.5397630333900452,
        0.5095059275627136,
        0.8434944748878479,
        0.588610053062439,
        0.7477242350578308
      ],
      [
        0.47431015968322754,
        0.7803205251693726,
        0.4490358233451843,
        0.7451057434082031,
        0.5659148693084717,
        0.7641528844833374,
        0.5397630333900452,
        1.0,
        0.7630046606063843,
        0.458726167678833,
        0.6220986247062683,
        0.5424847602844238
      ],
      [
        0.4908806085586548,
        0.7188472747802734,
        0.43237876892089844,
        0.7150988578796387,
        0.48841989040374756,
        0.8285322189331055,
        0.5095059275627136,
        0.7630046606063843,
        0.9999997019767761,
        0.4496089220046997,
        0.7033162713050842,
        0.5007608532905579
      ],
      [
